var rockMonsterAnimation = [[[[0.0, 0.0, 0.0], [0.694, 0.0, -0.0, 0.7199], [[[0.9512, 1.4101, 0.1501], [-0.025, 0.0697, -0.9013, 0.4267], [[[0.0, 1.0449, -0.0], [0.3321, -0.6388, 0.0397, 0.6929], [[[0.0, 0.9601, -0.0], [-0.4056, -0.1226, 0.0473, 0.9045], []]]]]], [[-0.9512, 1.4101, 0.1501], [-0.0395, -0.0418, 0.5875, 0.8072], [[[-0.0, 1.0449, -0.0], [-0.0006, 0.6788, 0.2975, 0.6714], [[[-0.0, 0.9601, -0.0], [0.3405, -0.073, -0.0474, 0.9362], []]]]]]]], [[0.0, 0.0, 0.0], [0.694, 0.0, -0.0, 0.7199], [[[0.9512, 1.4101, 0.1501], [-0.0408, 0.0369, -0.5301, 0.8462], [[[-0.0, 1.0449, 0.0], [-0.0394, -0.6735, -0.3325, 0.659], [[[0.0, 0.9601, -0.0], [0.3229, 0.0683, 0.0478, 0.9427], []]]]]], [[-0.9512, 1.4101, 0.1501], [-0.0304, -0.0625, 0.8239, 0.5624], [[[0.0, 1.0449, 0.0], [0.3135, 0.6455, -0.0189, 0.6962], [[[0.0, 0.9601, -0.0], [-0.2248, 0.0762, -0.0503, 0.9701], []]]]]]]], [[0.0, 0.0, 0.0], [0.694, 0.0, -0.0, 0.7199], [[[0.9512, 1.4101, 0.1501], [-0.025, 0.0697, -0.9013, 0.4267], [[[0.0, 1.0449, -0.0], [0.3321, -0.6388, 0.0397, 0.6929], [[[0.0, 0.9601, -0.0], [-0.4056, -0.1226, 0.0473, 0.9045], []]]]]], [[-0.9512, 1.4101, 0.1501], [-0.0395, -0.0418, 0.5875, 0.8072], [[[-0.0, 1.0449, -0.0], [-0.0006, 0.6788, 0.2975, 0.6714], [[[-0.0, 0.9601, -0.0], [0.3405, -0.073, -0.0474, 0.9362], []]]]]]]]], [[1.0, 0.0, -0.0, -0.0, -0.0, 0.0366, -0.9993, 0.0, -0.0, 0.9993, 0.0366, -0.0, -0.0, -0.0, -0.0, 1.0], [-0.0049, 0.9923, 0.124, -0.0, -0.0138, 0.1239, -0.9922, 0.0, -0.9999, -0.0066, 0.0131, -0.0, 1.4178, -0.9223, -0.2341, 1.0], [-0.3039, 0.9516, 0.0468, -0.0, -0.9527, -0.3035, -0.0151, 0.0, -0.0002, -0.0492, 0.9988, -0.0, 0.6341, -1.8129, -1.4987, 1.0], [-0.2052, 0.9744, -0.0924, 0.0, -0.9787, -0.2043, 0.0189, 0.0, -0.0004, 0.0943, 0.9955, -0.0, 0.3412, -3.0086, -1.0815, 1.0], [-0.0049, -0.9923, -0.124, 0.0, 0.0138, 0.1239, -0.9922, 0.0, 0.9999, -0.0066, 0.0131, -0.0, -1.4178, -0.9223, -0.2341, 1.0], [-0.3039, -0.9516, -0.0468, 0.0, 0.9527, -0.3035, -0.0151, 0.0, 0.0002, -0.0492, 0.9988, -0.0, -0.6341, -1.8129, -1.4987, 1.0], [-0.2052, -0.9744, 0.0924, -0.0, 0.9787, -0.2043, 0.0189, 0.0, 0.0004, 0.0943, 0.9955, -0.0, -0.3412, -3.0086, -1.0815, 1.0]], [12.0, 12.0]];